18.419 	17.501 	11.145 	15.346 	16.076 	14.295 	12.029 	14.103 	10.070 	19.243 	
15.490 	18.578 	18.199 	17.948 	12.090 	19.897 	16.289 	16.636 	16.015 	13.775 	
12.867 	13.711 	19.347 	12.120 	13.969 	10.824 	12.741 	16.420 	15.663 	12.406 	
13.003 	16.990 	17.911 	19.715 	14.188 	15.717 	16.581 	12.051 	10.398 	15.514 	
12.826 	13.788 	18.623 	10.648 	15.417 	15.599 	19.031 	14.517 	13.529 	17.980 	
16.451 	14.943 	10.729 	14.208 	12.377 	13.352 	10.045 	11.383 	13.720 	13.364 	
19.464 	15.827 	17.507 	11.321 	19.733 	15.849 	10.038 	19.906 	13.598 	17.395 	
12.222 	19.492 	11.000 	17.086 	14.951 	16.333 	18.439 	12.491 	14.450 	12.138 	
10.905 	13.583 	15.229 	15.634 	13.996 	15.204 	19.855 	14.503 	13.557 	15.495 	
13.606 	19.403 	12.830 	13.207 	15.197 	19.377 	12.692 	16.584 	16.909 	16.150 	

Promedio:
15.010


