16.279	18.340	11.720	11.520	15.381	12.062	19.029	17.997	13.931	18.396	
18.393	15.846	17.388	15.130	16.990	13.828	10.048	18.516	19.624	13.143	
11.921	12.573	19.533	13.768	19.130	16.572	16.816	14.912	15.520	12.484	
19.140	16.914	11.856	15.392	17.271	10.217	14.316	17.883	16.107	17.957	
12.143	18.110	12.377	15.052	17.291	11.458	10.279	11.214	11.191	11.524	
12.755	16.040	14.090	16.712	17.351	11.097	11.149	15.720	15.670	12.232	
19.037	11.137	10.489	18.373	19.215	17.708	14.668	19.203	18.585	12.689	
15.383	18.942	12.807	16.151	13.727	16.396	15.631	17.091	18.796	15.359	
11.525	13.991	11.324	12.302	10.673	15.283	17.003	18.597	10.931	12.532	
15.131	18.168	16.417	12.064	16.641	16.683	14.092	15.562	14.245	10.969	

Promedio: 15.028
Varianza: 7.846